2:0:1: (1,)
3:0:3: (1,), (1,2), (2,2)
4:0:4: (1,), (1,3,0), (1,3,1), (3,1,3)
5:0:3: (1,), (1,0,3), (2,0,2,4)
6:0:3: (1,), (2,2,3,5,2), (2,3,4,5,2)
7:0:2: (1,), (1,3,4,5,4)
8:0:3: (1,), (4,0,0), (4,0,1)
9:0:7: (1,), (3,0), (3,1), (1,5,6,2,6,2), (1,6,4,7,0,6,3), (1,6,5,6,5,4,7), (3,4,6,6,4,0,8,4)
10:0:3: (1,), (3,4,3,5), (4,3,8,5,7,9,0,8,8)
11:0:6: (1,), (6,6,5,0,0), (6,6,5,0,1), (5,1,7,5,0,3), (1,8,4,5,3,2,7,8), (1,8,4,5,3,4,8,7)
12:0:2: (1,), (3,10,6,7,10,5,4,8,3,2)
13:0:6: (1,), (3,3,6,6,0), (3,3,6,6,1), (2,10,10,8,3,4,6,6,8,10), (4,12,10,9,2,10,2,3,3,5,1,8), (4,12,10,9,2,10,2,3,3,5,3,8)
14:0:2: (1,), (2,3)
15:0:8: (1,), (4,11,1,6,4,8,4,2,0,13,12,13,2), (5,10,9,10,14,2,8,11,1,0,3,11,0,0), (5,10,9,10,14,2,8,11,1,0,3,11,0,1), (5,10,12,11,12,4,1,12,1,9,14,4,0,2), (5,10,12,11,12,4,1,12,1,9,14,3,3,3), (5,10,9,9,14,5,3,8,3,3,9,10,4,3), (1,2,4,3,14,14,13,3,4,1,9,1,1,0,14)
16:0:5: (1,), (12,4,14,15,7,2,2,11,7,8,2,0,12,2,15), (12,7,6,7,1,2,15,15,12,3,1,1,14,6,14), (12,4,14,15,7,2,2,11,7,8,2,12,2,6,15), (1,2,3,11,2,3,0,9,15,15,5,7,2,15,6,11)
17:0:5: (1,), (3,3), (1,2,1,4,1,3,10,6,8,0,11,14,1,3), (2,10,4,2,2,10,2,8,13,12,5,15,2,8,6), (6,10,4,15,5,12,11,16,3,3,14,14,2,7,3,6)
18:0:3: (1,), (1,3,10,11,15,4,5,14,3,13,8,6,5,6,13), (6,17,6,5,13,5,1,14,7,16,7,8,0,12,5,12,5)
19:0:2: (0,), (1,)