2:1:2: (1,), (1,0)
3:1:3: (1,), (1,2), (2,2)
4:1:3: (1,), (1,3,1), (3,1,3)
5:1:1: (1,)
6:1:3: (1,), (2,2,3,5,2), (2,3,4,5,2)
7:1:2: (1,), (1,3,4,5,4)
8:1:1: (1,)
9:1:4: (1,), (3,1), (1,5,6,2,6,2), (1,6,5,6,5,4,7)
10:1:2: (1,), (3,4,3,5)
11:1:3: (1,), (1,8,4,5,3,2,7,8), (1,8,4,5,3,4,8,7)
12:1:2: (1,), (3,10,6,7,10,5,4,8,3,2)
13:1:5: (1,), (3,3,6,6,1), (2,10,10,8,3,4,6,6,8,10), (4,12,10,9,2,10,2,3,3,5,1,8), (4,12,10,9,2,10,2,3,3,5,3,8)
14:1:5: (1,), (2,3), (2,6,0,3,6), (4,5,10,0,10,0,4,5,1,3,12,12), (10,9,9,2,11,5,13,9,6,7,2,0,13)
15:1:6: (1,), (4,11,1,6,4,8,4,2,0,13,12,13,0), (5,10,12,11,12,4,1,12,1,9,14,4,0,0), (5,13,0,11,1,9,7,12,2,5,14,0,5,6), (5,10,12,11,12,4,1,12,1,9,14,3,3,3), (5,10,9,9,14,5,3,8,3,3,9,10,4,3)
16:1:3: (1,), (12,7,6,7,1,2,15,15,12,3,1,1,14,6,14), (12,4,14,15,7,2,2,11,7,8,2,12,2,6,15)
17:1:5: (1,), (3,3), (2,10,4,2,2,10,2,8,13,12,5,15,2,8,6), (6,7,10,9,11,7,14,10,10,0,4,8,5,12,0,16), (6,10,4,15,5,12,11,16,3,3,14,14,2,7,3,6)
18:1:4: (1,), (2,9,0,0,10,7,8,6,8,12,2), (1,3,10,11,15,4,5,14,3,13,8,6,5,6,13), (2,14,7,8,1,3,0,12,1,4,10,3,16,2,2,15)
19:1:1: (1,)
